50
2 5
1 5 3 4
4 2 9
2 3 5 8 9
2 1 6 4 8 7
5 7 17 16
5 6 16 15 10 8
5 4 9 10 7
4 3 8 11
7 8 15 11 14 13
9 10 13 12
11 13 21 22
12 21 14 20 10 11
10 15 20 13
7 10 16 19 14 20
15 7 17 18 19 6
6 16 18
17 16 34 19
18 16 15 34 33 20
14 15 19 13 21 33 31 32
13 20 22 23 31 12
21 12 23
21 22 31 24
23 31 26 25
24 26
24 25 27 31 28
26 28
31 27 29
30 32 31 28 48
32 29 37 38 47
32 28 29 26 24 23 21 20
30 29 37 35 33 20
32 35 34 19 20
18 19 33 36
32 37 36 33
34 35 37
36 35 32 30 38
39 46 47 48 30 37 
40 43 45 46 38 
43 41 39
43 40 42
41
44 45 39
43 45 
44 39 43
47 38 39
46 48 38
47 38 30 29